85.5
73.0
71.0
83.5
80.0
76.0
98.0
79.0
90.0
85.0
96.0
89.0
67.0
92.0
92.0
81.0
85.0
92.5
92.0
94.5
90.0
75.0
96.0
91.0
90.0
91.0
96.0
85.0
82.0
69.0
88.0
72.5
92.0
79.0
85.0
87.0
87.0
96.0
90.0
88.0
53.0
84.5
88.0
95.0
92.0
96.0
93.0
75.5
93.0
72.5
83.0
72.5
92.0
80.0
96.0
88.0
86.5
91.5
63.5
93.0
91.5
99.0
93.0
59.5
86.0
87.0
95.0
67.0
90.0
79.0
60.0
89.0
85.0
76.5
88.0
94.5
87.0
88.5
95.0
89.0
80.5
84.0
90.0
94.0
94.5
88.5
90.0
92.0
85.0
97.0
75.0
79.5
85.0
94.5
95.5
90.5
92.0
51.5
79.0
77.5
72.5
76.5
95.5
76.0
91.0
81.0
95.0
99.0
81.0
85.5
85.0
90.0
91.0
77.0
87.5
100.0
92.0
90.0
68.5
80.0
79.0
82.0
82.0
77.0
92.0
79.0
89.0
90.0

