61.0
92.0
53.0
91.0
91.5
95.0
83.5
88.0
82.0
97.0
97.0
83.0
92.0
91.0
89.0
96.0
92.0
93.0
87.5
86.0
76.5
99.0
85.0
95.5
95.0
93.0
86.0
86.0
96.0
79.5
90.0
91.0
93.0
86.0
94.0
84.0
82.5
91.5
93.0
88.0
91.0
88.0
92.0
84.0
92.0
61.0
87.5
83.0
55.5
91.5
94.0
89.0
97.0
94.0
93.0
81.5
85.5
92.0
84.0
73.5
97.0
96.0
93.0
86.5
93.0
90.0
84.0
92.0
58.0
96.0
87.0
86.0
69.5
91.5
82.5
87.0
80.0
79.5
85.5
81.5
87.0
73.0
94.0
90.0
95.5
86.0
88.5
92.0
88.5
88.5
67.5
74.0
83.0
60.0
83.5
94.0
82.0
86.0
91.0
98.0
42.0
91.0
90.0
73.0
79.0
89.0
70.0
81.0
72.0
91.5
62.0
86.5
90.0
91.5
92.0