99.0
90.5
97.0
86.0
95.0
63.0
87.0
88.0
81.0
78.0
98.0
90.000000 
90.000000 
90.000000 
90.000000 
90.000000 
90.000000 
90.000000 
90.000000 
90.000000 
90.000000 
90.000000 
90.000000 
90.000000 
90.000000 
90.000000 
90.000000 
90.000000 
90.000000 
90.000000 
90.000000 
98.0
88.0
83.0
93.5
91.5
92.0
88.0
97.0
93.0
84.5
90.0
96.0
78.0
87.5
72.0
87.0
96.0
91.0
76.5
88.0
94.0
95.0
71.5
75.5
91.0
91.0
74.0
98.0
96.0
95.0
86.0
63.5
85.0
97.0
73.0
82.5
88.5
88.0
41.0
76.5
82.0
92.0
86.5
99.0
59.0
90.0
41.0
74.5
99.0
90.0
82.0
68.0
98.0
78.0
89.0
67.0
71.0
37.0
97.0
66.0
62.5
88.0
71.0
69.5
72.0
94.0
89.5
90.0
86.0
69.0
83.0
66.0
79.5
85.0
82.0
88.0
89.0
88.0
85.5
96.0
73.5
94.0
51.0
90.0
91.0
89.5
75.0
84.5
92.0
90.0
87.0
83.0
67.5
83.5
81.0
60.0
70.0
79.5
91.0
65.0
86.0
92.0
74.0
